1 2 00:00~01:00 1
1 2 01:00~02:00 2
1 2 02:00~03:00 3
1 2 03:00~04:00 4
1 2 04:00~05:00 5
1 2 05:00~06:00 6
1 2 06:00~07:00 7
1 2 07:00~08:00 8
1 2 08:00~09:00 9
1 2 09:00~10:00 10
1 2 10:00~11:00 11
1 2 11:00~12:00 12
1 2 12:00~13:00 13
1 2 13:00~14:00 14
1 2 14:00~15:00 15
1 2 15:00~16:00 16
1 2 16:00~17:00 17
1 2 17:00~18:00 18
1 2 18:00~19:00 19
1 2 19:00~20:00 20
1 2 20:00~21:00 21
1 2 21:00~22:00 22
1 2 22:00~23:00 23
1 2 23:00~24:00 24
1 3 00:00~01:00 25
1 3 01:00~02:00 26
1 3 02:00~03:00 27
1 3 03:00~04:00 28
1 3 04:00~05:00 29
1 3 05:00~06:00 30
1 3 06:00~07:00 31
1 3 07:00~08:00 32
1 3 08:00~09:00 33
1 3 09:00~10:00 34
1 3 10:00~11:00 35
1 3 11:00~12:00 36
1 3 12:00~13:00 37
1 3 13:00~14:00 38
1 3 14:00~15:00 39
1 3 15:00~16:00 40
1 3 16:00~17:00 41
1 3 17:00~18:00 42
1 3 18:00~19:00 43
1 3 19:00~20:00 44
1 3 20:00~21:00 45
1 3 21:00~22:00 46
1 3 22:00~23:00 47
1 3 23:00~24:00 48
1 4 00:00~01:00 49
1 4 01:00~02:00 50
1 4 02:00~03:00 51
1 4 03:00~04:00 52
1 4 04:00~05:00 53
1 4 05:00~06:00 54
1 4 06:00~07:00 55
1 4 07:00~08:00 56
1 4 08:00~09:00 57
1 4 09:00~10:00 58
1 4 10:00~11:00 59
1 4 11:00~12:00 60
1 4 12:00~13:00 61
1 4 13:00~14:00 62
1 4 14:00~15:00 63
1 4 15:00~16:00 64
1 4 16:00~17:00 65
1 4 17:00~18:00 66
1 4 18:00~19:00 67
1 4 19:00~20:00 68
1 4 20:00~21:00 69
1 4 21:00~22:00 70
1 4 22:00~23:00 71
1 4 23:00~24:00 72
1 5 00:00~01:00 73
1 5 01:00~02:00 74
1 5 02:00~03:00 75
1 5 03:00~04:00 76
1 5 04:00~05:00 77
1 5 05:00~06:00 78
1 5 06:00~07:00 79
1 5 07:00~08:00 80
1 5 08:00~09:00 81
1 5 09:00~10:00 82
1 5 10:00~11:00 83
1 5 11:00~12:00 84
1 5 12:00~13:00 85
1 5 13:00~14:00 86
1 5 14:00~15:00 87
1 5 15:00~16:00 88
1 5 16:00~17:00 89
1 5 17:00~18:00 90
1 5 18:00~19:00 91
1 5 19:00~20:00 92
1 5 20:00~21:00 93
1 5 21:00~22:00 94
1 5 22:00~23:00 95
1 5 23:00~24:00 96
2 3 00:00~01:00 97
2 3 01:00~02:00 98
2 3 02:00~03:00 99
2 3 03:00~04:00 100
2 3 04:00~05:00 101
2 3 05:00~06:00 102
2 3 06:00~07:00 103
2 3 07:00~08:00 104
2 3 08:00~09:00 105
2 3 09:00~10:00 106
2 3 10:00~11:00 107
2 3 11:00~12:00 108
2 3 12:00~13:00 109
2 3 13:00~14:00 110
2 3 14:00~15:00 111
2 3 15:00~16:00 112
2 3 16:00~17:00 113
2 3 17:00~18:00 114
2 3 18:00~19:00 115
2 3 19:00~20:00 116
2 3 20:00~21:00 117
2 3 21:00~22:00 118
2 3 22:00~23:00 119
2 3 23:00~24:00 120
2 5 00:00~01:00 121
2 5 01:00~02:00 122
2 5 02:00~03:00 123
2 5 03:00~04:00 124
2 5 04:00~05:00 125
2 5 05:00~06:00 126
2 5 06:00~07:00 127
2 5 07:00~08:00 128
2 5 08:00~09:00 129
2 5 09:00~10:00 130
2 5 10:00~11:00 131
2 5 11:00~12:00 132
2 5 12:00~13:00 133
2 5 13:00~14:00 134
2 5 14:00~15:00 135
2 5 15:00~16:00 136
2 5 16:00~17:00 137
2 5 17:00~18:00 138
2 5 18:00~19:00 139
2 5 19:00~20:00 140
2 5 20:00~21:00 141
2 5 21:00~22:00 142
2 5 22:00~23:00 143
2 5 23:00~24:00 144
3 4 00:00~01:00 145
3 4 01:00~02:00 146
3 4 02:00~03:00 147
3 4 03:00~04:00 148
3 4 04:00~05:00 149
3 4 05:00~06:00 150
3 4 06:00~07:00 151
3 4 07:00~08:00 152
3 4 08:00~09:00 153
3 4 09:00~10:00 154
3 4 10:00~11:00 155
3 4 11:00~12:00 156
3 4 12:00~13:00 157
3 4 13:00~14:00 158
3 4 14:00~15:00 159
3 4 15:00~16:00 160
3 4 16:00~17:00 161
3 4 17:00~18:00 162
3 4 18:00~19:00 163
3 4 19:00~20:00 164
3 4 20:00~21:00 165
3 4 21:00~22:00 166
3 4 22:00~23:00 167
3 4 23:00~24:00 168
3 5 00:00~01:00 169
3 5 01:00~02:00 170
3 5 02:00~03:00 171
3 5 03:00~04:00 172
3 5 04:00~05:00 173
3 5 05:00~06:00 174
3 5 06:00~07:00 175
3 5 07:00~08:00 176
3 5 08:00~09:00 177
3 5 09:00~10:00 178
3 5 10:00~11:00 179
3 5 11:00~12:00 180
3 5 12:00~13:00 181
3 5 13:00~14:00 182
3 5 14:00~15:00 183
3 5 15:00~16:00 184
3 5 16:00~17:00 185
3 5 17:00~18:00 186
3 5 18:00~19:00 187
3 5 19:00~20:00 188
3 5 20:00~21:00 189
3 5 21:00~22:00 190
3 5 22:00~23:00 191
3 5 23:00~24:00 192
4 5 00:00~01:00 193
4 5 01:00~02:00 194
4 5 02:00~03:00 195
4 5 03:00~04:00 196
4 5 04:00~05:00 197
4 5 05:00~06:00 198
4 5 06:00~07:00 199
4 5 07:00~08:00 200
4 5 08:00~09:00 201
4 5 09:00~10:00 202
4 5 10:00~11:00 203
4 5 11:00~12:00 204
4 5 12:00~13:00 205
4 5 13:00~14:00 206
4 5 14:00~15:00 207
4 5 15:00~16:00 208
4 5 16:00~17:00 209
4 5 17:00~18:00 210
4 5 18:00~19:00 211
4 5 19:00~20:00 212
4 5 20:00~21:00 213
4 5 21:00~22:00 214
4 5 22:00~23:00 215
4 5 23:00~24:00 216